4294967278,553
4294967278,369
4294967278,340
4294967278,519
4294967279,122
4294967279,117
4294967279,114
4294967279,113
4294967279,112
4294967279,111
4294967279,109
4294967279,108
4294967279,437
4294967279,379
4294967279,257
4294967279,315
4294967294,407
4294967294,385
4294967294,110
4294967294,391
4294967294,416
4294967294,402
4294967294,412
4294967279,322
4294967278,141
4294967279,137
4294967278,139
1409,6
4294967279,139
1409,5
4294967278,138
1409,4
1409,3
1409,2
1409,1
4294967279,364
4294967278,276
4294967279,326
4294967278,235
4294967278,300
4294967278,260
4294967278,134
4294967278,299
4294967279,402
4294967278,133
4294967278,287
4294967278,514
4294967278,271
4294967279,274
4294967278,269
4294967278,266
4294967279,272
4294967278,268
4294967279,271
4294967278,298
4294967278,516
4294967279,298
4294967278,555
4294967279,432
4294967279,266
4294967279,360
4294967278,277
4294967278,517
4294967279,262
4294967278,317
4294967278,258
4294967279,284
4294967278,257
4294967278,554
4294967279,363
4294967279,340
4294967279,401
4294967278,533
4294967279,314
4294967278,312
4294967279,312
4294967278,254
4294967279,254
4294967278,253
4294967279,253
1405,4
1405,3
1405,2
1405,1
4294967279,250
4294967279,248
4294967278,246
4294967279,246
4294967279,375
4294967294,194
4294967294,176
4294967294,401
4294967279,244
4294967278,242
4294967279,115
4294967278,347
4294967279,116
4294967279,431
4294967279,321
1403,5
1403,4
1403,3
1403,2
1403,1
4294967278,320
4294967278,232
4294967279,110
4294967279,430
1402,6
4294967278,224
4294967278,222
1402,5
1402,4
1402,3
1402,2
1402,1
4294967279,310
4294967278,373
1401,5
4294967278,210
1401,4
1401,3
1401,2
1401,1
4294967278,208
4294967278,207
4294967278,206
4294967278,205
1400,5
4294967279,205
1400,4
1400,3
1400,2
1400,1
4294967278,301
4294967294,1422
4294967278,569
4294967294,1419
4294967279,282
4294967279,320
4294967278,195
4294967279,196
4294967278,194
4294967279,193
1399,4
1399,3
1399,2
1399,1
4294967279,192
4294967278,190
4294967279,191
4294967278,189
4294967279,190
4294967278,188
4294967279,189
4294967278,185
4294967279,188
4294967278,552
4294967279,187
1397,5
4294967278,184
4294967278,183
1397,4
4294967279,184
1397,3
1397,2
1397,1
4294967279,183
4294967279,182
4294967294,1032
4294967294,185
4294967294,182
4294967279,180
1396,4
1396,3
1396,2
1396,1
4294967279,328
4294967294,396
4294967294,409
4294967294,413
4294967294,421
4294967294,1081
4294967294,524
4294967294,167
4294967294,168
4294967294,403
4294967294,456
4294967294,397
4294967294,454
4294967294,113
4294967278,359
4294967279,303
4294967278,284
4294967278,529
4294967278,349
4294967278,551
4294967278,338
4294967279,446
4294967278,548
4294967278,547
4294967279,276
4294967278,348
4294967278,166
4294967278,255
4294967279,349
4294967278,375
4294967278,291
4294967278,275
4294967278,59
4294967278,58
4294967278,57
4294967278,56
4294967278,55
4294967278,54
4294967278,53
4294967278,52
4294967278,51
4294967278,50
4294967278,48
4294967278,47
4294967278,46
4294967278,45
4294967278,44
4294967278,43
4294967278,42
4294967278,41
4294967278,40
4294967278,39
4294967278,38
4294967278,37
4294967278,36
4294967278,35
4294967278,34
4294967278,33
4294967278,267
4294967278,32
4294967278,31
4294967278,30
4294967278,29
4294967278,28
4294967278,27
4294967278,26
4294967278,25
4294967278,24
4294967278,23
4294967278,22
4294967278,21
4294967278,20
4294967278,19
4294967278,18
4294967278,17
4294967278,16
4294967278,15
4294967278,14
4294967278,13
4294967278,12
4294967278,515
4294967278,11
4294967278,10
4294967278,9
4294967278,8
4294967278,7
4294967278,6
4294967278,5
4294967278,4
4294967279,132
4294967279,131
4294967279,130
4294967279,381
4294967279,129
4294967279,128
4294967279,127
4294967279,418
4294967279,126
4294967279,285
4294967279,125
4294967279,124
4294967279,420
4294967279,260
4294967279,362
4294967278,336
4294967279,166
4294967279,392
4294967278,546
4294967278,163
4294967279,398
4294967278,49
4294967278,288
4294967278,160
4294967279,161
4294967279,160
4294967279,156
4294967278,158
1395,6
1395,5
4294967278,157
1395,4
1395,3
1395,2
1395,1
4294967279,366
4294967278,156
4294967279,324
4294967278,335
4294967279,299
4294967278,153
4294967278,152
4294967279,152
4294967278,525
4294967279,151
4294967279,358
4294967279,150
4294967278,148
4294967278,145
4294967279,148
4294967279,147
4294967279,146
4294967279,421
4294967279,143
4294967279,357
4294967278,545
4294967279,142
4294967279,141
4294967278,262
4294967279,140
4294967279,279
4294967279,291
4294967279,281
4294967279,275
4294967278,567
4294967279,273
4294967279,336
4294967279,270
4294967279,269
4294967279,286
1391,4
1391,3
1391,2
1391,1
4294967279,267
4294967279,265
4294967279,264
4294967279,138
4294967278,261
4294967279,263
4294967279,259
4294967278,302
4294967279,288
4294967279,134
1389,5
4294967279,258
4294967278,534
1389,4
1389,3
1389,2
1389,1
4294967278,313
4294967294,1048
4294967294,1041
4294967278,286
4294967278,559
1388,6
1388,5
1388,4
4294967278,252
1388,3
1388,2
1388,1
4294967278,250
4294967278,244
4294967279,334
4294967278,550
4294967278,305
1387,5
4294967278,240
1387,4
1387,3
1387,2
1387,1
4294967278,238
4294967294,388
4294967278,234
1386,5
4294967278,230
4294967279,230
1386,4
4294967278,228
1386,3
1386,2
1386,1
4294967278,226
4294967279,308
4294967278,220
4294967279,352
4294967278,364
4294967279,355
4294967279,280
